datapath=data/rcv1
c0=20242
featuredim=47236
nclasses=2
logdir=results_arxiv/rcv1
npasses=100
nsamplesperpass=2000
ntrials=5
train_ratio=0.9
opt_train=0.6385682918426125
opt_test=0.5943277526696001
