datapath=data/rsim
c0=72309
featuredim=20958
nclasses=2
logdir=results_arxiv/rsim
npasses=50
nsamplesperpass=7000
ntrials=5
train_ratio=0.9
opt_train=0.5961769801967686
opt_test=0.6072637777895998
